# DDS User Input Control File : READ WITH WORD WRAP OFF
# =====================================================
190.000   
190.000   
190.000   
190.000   
190.000   
190.000   
190.000   
190.000   
190.000   
190.000   
190.000   
190.000   
140.000   
140.000   
140.000   
140.000   
140.000   
140.000   
140.000   
140.000   
140.000   
140.000   
140.000   
140.000   
90.000    
90.000    
90.000    
90.000    
90.000    
90.000    
90.000    
90.000    
90.000    
90.000    
90.000    
90.000    
40.000    
40.000    
40.000    
40.000    
40.000    
40.000    
40.000    
40.000    
40.000    
40.000    
40.000    
40.000    
