Par_name,LowerB,UpperB,Integer
x1    18.91  194.71  0
x2    18.91  194.71  0
x3    18.91  194.71  0
x4    18.91  194.71  0
x5    18.91  194.71  0
x6    18.91  194.71  0
x7    18.91  194.71  0
x8    18.91  194.71  0
x9    18.91  194.71  0
x10   18.91  194.71  0
x11   18.91  194.71  0
x12   18.91  194.71  0
x13   18.91  194.71  0
x14   18.91  194.71  0
x15   18.91  194.71  0
x16   18.91  194.71  0
x17   18.91  194.71  0
x18   18.91  194.71  0
x19   18.91  194.71  0
x20   18.91  194.71  0
x21   18.91  194.71  0
x22   18.91  194.71  0
x23   18.91  194.71  0
x24   18.91  194.71  0
x25   18.91  194.71  0
x26   18.91  194.71  0
x27   18.91  194.71  0
x28   18.91  194.71  0
x29   18.91  194.71  0
x30   18.91  194.71  0
x31   18.91  194.71  0
x32   18.91  194.71  0
x33   18.91  194.71  0
x34   18.91  194.71  0
x35   18.91  194.71  0
x36   18.91  194.71  0
x37   18.91  194.71  0
x38   18.91  194.71  0
x39   18.91  194.71  0
x40   18.91  194.71  0
x41   18.91  194.71  0
x42   18.91  194.71  0
x43   18.91  194.71  0
x44   18.91  194.71  0
x45   18.91  194.71  0
x46   18.91  194.71  0
x47   18.91  194.71  0
x48   18.91  194.71  0
